1	1.253900	0.799700
4	1.253900	0.799700
7	1.253900	0.787700
10	1.253900	0.799700
13	1.253900	0.787700
16	1.253900	0.787700
19	1.253400	0.787700
22	1.253400	0.497300
25	1.247900	0.497300
28	1.247900	0.497300
31	1.247900	0.497300
34	1.247900	0.506200
37	1.247900	0.511600
40	1.247900	0.497300
43	1.247900	0.497300
46	1.247900	0.497300
49	1.247900	0.497300
52	1.247900	0.497300
55	1.247900	0.512900
58	1.247900	0.512900
61	0.957500	0.512900
64	0.969600	0.512900
67	0.957500	0.512900
70	0.969600	0.524900
73	0.867000	0.815300
76	0.867000	0.799700
79	0.969600	0.827700
82	0.867000	0.827700
85	0.867000	0.537300
88	0.867000	0.551600
91	0.867000	0.551600
94	0.867000	0.531900
97	0.867000	0.517300
100	0.874700	0.517300
103	0.874700	0.525000
106	0.874700	0.517300
109	0.874700	0.535500
112	0.874700	0.722700
115	0.874700	0.746000
118	0.874700	0.558800
121	0.874700	0.558800
124	0.860400	0.540600
127	0.860400	0.558800
130	0.841200	0.558800
133	0.855500	0.849200
136	0.860400	0.849200
139	0.841200	0.841500
142	0.860400	0.841500
145	0.860400	0.849200
148	0.880200	0.833600
151	0.880200	0.815400
154	0.861000	0.815400
157	0.851200	0.815400
160	0.870400	0.815400
163	0.870400	0.815400
166	1.160800	0.815400
169	1.186000	0.801100
172	1.186000	0.801100
175	1.186000	0.801100
178	1.148600	0.724500
181	1.165600	0.724500
184	1.146400	0.724500
187	1.146400	0.738800
190	1.175200	0.712200
193	1.148600	0.712200
196	1.130000	0.727800
199	1.149800	0.712200
202	1.149800	0.712200
205	1.149800	0.704500
208	1.149800	0.720100
211	1.151000	0.704500
214	1.151000	0.730400
217	1.177600	0.760200
220	1.151000	0.720100
223	1.252400	0.727800
226	1.130000	0.722700
229	1.177600	0.730400
232	1.156600	0.730400
235	1.130000	0.746000
238	1.130000	0.730400
241	0.989200	0.730400
244	0.989200	0.730400
247	0.989200	0.730400
250	1.010200	0.730400
253	0.989200	0.712200
256	0.989200	0.712200
259	0.982200	0.746000
262	0.980000	0.746000
265	0.980000	0.727800
268	0.959000	0.738300
271	0.959000	0.720100
274	0.959000	0.738300
277	0.961200	0.738300
280	0.959000	0.738300
283	0.982200	0.746000
286	0.980000	0.746000
289	0.968300	0.727800
292	0.970500	0.735100
295	0.970500	0.735100
298	0.968300	0.713500
301	0.968300	0.735100
304	0.968300	0.735100
307	0.968300	0.735100
310	0.978800	1.071900
313	0.978800	1.071900
316	0.947300	1.052100
319	0.968300	1.052100
322	0.947300	1.071900
325	0.996000	1.045300
328	0.996000	1.050300
331	1.015200	1.030500
334	0.968300	1.050300
337	0.975000	1.050300
340	0.975000	1.050300
343	0.949500	1.050300
346	0.970500	1.050300
349	0.996000	1.050300
352	0.970500	1.045300
355	0.970500	1.045300
358	0.950700	1.003900
361	0.970500	1.111500
364	0.978700	1.063500
367	0.978700	1.111500
370	0.867300	1.093300
373	0.895300	1.091100
376	0.867300	1.091100
379	0.867300	1.109300
382	0.867300	1.108700
385	0.867300	0.921500
388	0.868500	0.921500
391	0.867300	0.873500
394	0.867300	0.807500
397	0.865100	0.855500
400	0.876800	0.855500
403	0.876800	0.882100
406	0.855800	0.882100
409	0.855800	0.882100
412	0.688400	0.854100
415	0.689600	0.806100
418	0.689600	0.834100
421	0.689600	0.882100
424	0.681300	0.882100
427	0.677900	0.854100
430	0.689600	0.854100
433	0.959000	0.840600
436	0.947300	0.840600
439	0.656900	0.840600
442	0.660300	0.854100
445	0.660300	0.854100
448	0.640500	0.854100
451	0.640500	0.833100
454	0.661500	0.833100
457	0.661500	0.833100
460	0.689500	0.833100
463	0.689500	0.833100
466	0.876700	1.261000
469	0.876700	1.073800
472	0.901500	0.819600
475	0.887200	1.073800
478	0.708300	1.073800
481	0.708300	1.073800
484	0.708300	1.073800
487	0.708300	1.259600
490	0.708300	1.259600
493	0.708300	1.259600
496	0.697800	1.259600
499	0.697800	1.259600
502	0.697800	1.259600
505	0.697800	1.259600
508	0.669800	1.259600
511	0.669800	1.259600
514	0.690100	1.259600
517	0.697800	1.259600
520	0.690100	1.259600
523	0.697800	1.259600
526	0.697800	1.238600
529	0.885000	1.238600
532	0.885000	1.259600
535	0.885000	1.259600
538	0.891000	1.259600
541	0.885000	1.259600
544	0.891000	1.259600
