    1	  9.846783	 -5.650391	 -0.334785	 -4.851357	 -3.068886	  1.278954
    4	  9.419205	 -5.367249	  0.066940	 -3.578461	 -3.921120	  1.364792
    7	  9.353027	 -5.367256	  0.066940	 -3.681190	 -3.824509	  1.487480
   10	  9.387218	 -5.259109	  0.172249	 -3.253616	 -4.737633	  1.496559
   13	  8.922764	 -4.637627	  0.190346	 -3.599915	 -5.084229	  1.567818
   16	  8.468288	 -4.487724	  0.031807	 -3.849304	 -5.410721	  1.303452
   19	  8.647560	 -4.568863	 -0.211472	 -4.232735	 -4.830933	  1.461243
   22	  9.117722	 -4.836700	 -0.029320	 -3.727890	 -4.504440	  1.347725
   25	  9.117722	 -4.836700	 -0.029312	 -3.623291	 -4.639740	  1.323120
   28	  9.117722	 -5.395447	 -0.087875	 -3.420631	 -5.261215	  0.984810
   31	  9.265915	 -5.296638	 -0.193176	 -3.527527	 -5.833687	  0.721718
   34	  9.337029	 -5.510109	 -0.190826	 -3.961273	 -5.779015	  1.124748
   37	  9.535988	 -5.903404	 -0.171860	 -3.696907	 -5.118988	  1.997238
   40	  9.599537	 -6.462135	 -0.431580	 -2.483444	 -5.367241	  1.655449
   43	  9.583714	 -6.462135	 -0.431572	 -2.547707	 -5.808945	  0.621872
   46	 10.242912	 -7.309898	 -0.655586	 -3.686203	 -6.761932	  0.462250
   49	 10.436947	 -7.847900	 -1.045944	 -3.765930	 -7.484688	  0.545052
   52	 10.432014	 -7.268120	 -1.095764	 -4.051682	 -7.312057	 -0.195175
   55	 10.296597	 -6.420486	 -1.327744	 -4.122047	 -7.762642	  0.081680
   58	 10.367397	 -6.134743	 -1.327736	 -4.396309	 -6.549698	 -0.249222
   61	 10.367401	 -5.863640	 -1.266617	 -3.268623	 -7.205063	  0.449661
   64	 10.134178	 -5.597702	 -1.266617	 -3.518867	 -5.922401	  0.151146
   67	 10.079708	 -5.075836	 -1.585449	 -4.003914	 -5.607033	  0.714340
   70	 10.068333	 -4.783661	 -1.685013	 -3.703804	 -5.559090	  1.234802
   73	  9.479275	 -4.342552	 -1.623169	 -4.010246	 -5.494255	  0.609680
   76	  9.169521	 -3.980446	 -2.145287	 -3.828644	 -5.579773	  1.106819
   79	  9.655113	 -4.425369	 -1.878525	 -4.512688	 -5.373283	  0.991943
   82	  9.782871	 -5.807480	 -1.692902	 -4.469055	 -5.110817	  1.031410
   85	  9.868416	 -5.503563	 -1.836975	 -4.414528	 -5.831795	  1.031868
   88	  9.729298	 -5.119766	 -1.675880	 -4.546921	 -6.469101	  1.406662
   91	  9.753899	 -5.734314	 -1.231827	 -5.123459	 -6.798538	  0.644005
   94	  9.614334	 -6.220177	 -1.184357	 -5.230347	 -6.673775	  0.256653
   97	  9.605255	 -6.152779	 -1.563622	 -5.042816	 -6.243736	  0.230148
  100	 10.047131	 -6.556488	 -1.934372	 -4.524864	 -6.061966	 -0.458344
  103	 10.271606	 -7.042084	 -1.645164	 -3.953979	 -5.929291	 -0.293945
  106	 10.223747	 -6.791191	 -1.626198	 -4.433502	 -5.890144	 -0.859497
  109	 10.287296	 -6.232452	 -1.531311	 -5.467285	 -6.271950	  0.577408
  112	 10.436909	 -6.672066	 -0.990982	 -5.512444	 -6.179436	  0.393929
  115	 10.002171	 -6.293564	 -1.314972	 -5.910667	 -6.118149	 -0.035187
  118	 10.362049	 -6.561417	 -1.132812	 -5.510307	 -6.657249	  0.075600
  121	 10.362049	 -5.906517	 -0.879257	 -5.256279	 -6.827881	 -0.230316
  124	 10.819656	 -5.796585	 -1.268501	 -4.856407	 -6.489563	 -0.123421
  127	 11.030327	 -5.890511	 -1.646385	 -5.202652	 -5.846550	 -0.003128
  130	 11.190166	 -6.632828	 -1.541016	 -5.067314	 -4.856049	 -0.147621
  133	 11.363060	 -7.254311	 -1.559120	 -4.886452	 -4.579178	 -0.405945
  136	 11.817532	 -7.962959	 -1.405510	 -4.665909	 -4.597649	  0.021233
  139	 11.817532	 -7.596626	 -1.452972	 -4.641342	 -5.014397	 -0.186501
  142	 11.408211	 -6.884338	 -2.675461	 -5.777664	 -4.993202	 -0.029068
  145	 11.417290	 -6.130638	 -2.905083	 -5.678093	 -4.998367	 -0.480919
  148	 11.067444	 -5.489098	 -3.027374	 -5.371658	 -5.096359	  0.232185
  151	 11.019585	 -5.812790	 -2.956276	 -6.016235	 -4.871666	 -0.319702
  154	 10.840317	 -6.097969	 -2.431396	 -6.278969	 -5.226456	 -0.250198
  157	 10.287422	 -5.763245	 -2.268211	 -6.310600	 -5.516281	 -0.147881
  160	 10.223866	 -5.588310	 -2.334404	 -6.085716	 -5.516281	  0.024742
  163	  9.594288	 -5.217781	 -3.711937	 -5.616745	 -5.365326	  0.882225
  166	  9.594288	 -5.217781	 -3.748260	 -5.165581	 -6.139374	  0.943054
  169	  9.476135	 -4.859360	 -3.748260	 -4.960861	 -6.012169	  0.490067
  172	  9.062187	 -5.051796	 -3.399666	 -4.426857	 -6.393013	  0.378075
  175	  8.615776	 -5.547455	 -3.330872	 -5.334274	 -7.370743	  0.448433
  178	  8.341869	 -5.296173	 -3.269028	 -4.724541	 -7.666061	  0.552414
  181	  8.032120	 -4.824928	 -3.434776	 -5.051376	 -7.211487	 -0.103088
  184	  8.126221	 -4.915932	 -2.976341	 -4.897766	 -7.376312	 -0.227501
  187	  7.603233	 -4.948364	 -3.025963	 -4.313911	 -7.816673	  0.070602
  190	  7.382790	 -5.334793	 -3.643204	 -4.214485	 -7.775352	 -0.054405
  193	  7.870712	 -5.589165	 -3.308464	 -4.214485	 -7.430389	  0.604095
  196	  7.725990	 -5.146446	 -3.468254	 -4.056412	 -7.344879	  0.508240
  199	  6.751167	 -5.920486	 -3.906693	 -3.441872	 -7.426773	 -0.053185
  202	  6.390831	 -4.897530	 -3.551971	 -2.999985	 -7.577240	 -0.741684
  205	  6.104675	 -4.940407	 -2.812355	 -2.483627	 -7.187302	 -1.129204
  208	  5.570961	 -5.266960	 -3.042068	 -2.420967	 -7.146561	 -1.028870
  211	  5.244125	 -4.933105	 -3.361130	 -2.262047	 -6.689766	 -0.269920
  214	  5.235497	 -4.546059	 -2.959610	 -2.906624	 -6.732651	 -0.003159
  217	  4.925743	 -4.074829	 -2.337982	 -2.577797	 -6.996590	 -0.489021
  220	  5.175514	 -5.011810	 -1.468811	 -2.735588	 -7.177460	  0.324425
  223	  4.723854	 -5.441986	 -1.403862	 -3.046310	 -6.747566	  0.324425
  226	  4.078461	 -5.418602	 -1.840515	 -3.046310	 -6.747566	  0.842041
  229	  3.960304	 -6.079254	 -1.674767	 -1.794312	 -7.472115	  0.568138
  232	  3.325348	 -6.258652	 -2.209930	 -1.929604	 -8.017181	  0.556786
  235	  3.348740	 -6.637138	 -2.045113	 -1.182060	 -8.448166	  1.153343
  238	  3.449074	 -6.642906	 -1.983986	 -1.460991	 -8.128563	  0.660507
  241	  2.675003	 -7.206100	 -2.477463	 -1.628708	 -8.284760	  0.741539
  244	  2.410645	 -7.623726	 -2.187637	 -1.704590	 -8.446930	  0.305824
  247	  2.362785	 -8.383186	 -1.896889	 -1.784309	 -9.240913	  0.363220
  250	  1.525169	 -8.291489	 -2.495735	 -2.201927	 -9.113564	 -0.033379
  253	  1.481255	 -8.565094	 -2.018326	 -1.953682	 -9.176224	 -0.287415
  256	  0.991913	 -8.266701	 -2.498474	 -1.814064	 -9.261734	 -0.780632
  259	  0.656441	 -8.470848	 -2.373474	 -2.055145	 -8.980331	 -1.943642
  262	  0.213547	 -8.828995	 -1.485336	 -0.779266	 -9.431999	 -1.660713
  265	 -0.261490	 -9.128113	 -1.041275	 -0.758537	 -9.291534	 -1.577148
  268	 -0.366112	 -9.453903	 -1.136375	 -1.325249	 -8.749084	 -3.010353
  271	 -0.558960	 -9.453896	 -1.460365	 -0.468407	 -8.939949	 -2.238197
  274	 -0.388321	 -9.802887	 -1.755608	  0.140633	 -8.804657	 -2.606483
  277	 -0.558174	 -9.949059	 -2.136185	 -0.356575	 -8.456802	 -4.242355
  280	 -0.761360	-10.050293	 -2.052628	 -0.058472	 -8.742561	 -4.242355
  283	 -0.736374	 -9.054718	 -1.065475	 -0.608482	 -8.695099	 -4.492233
  286	 -0.875496	 -8.495964	 -0.970589	 -0.072105	 -7.208755	 -5.152901
  289	 -0.960007	 -8.679459	 -0.433243	  0.093636	 -7.450829	 -4.632820
  292	 -0.899986	 -8.903755	 -0.609329	  0.010834	 -6.806885	 -4.362419
  295	 -0.521339	 -8.781967	 -0.751007	  1.142227	 -5.378578	 -4.112175
  298	 -0.150803	 -9.092690	 -0.735329	  0.758797	 -5.178345	 -4.007927
  301	  0.019836	 -9.563927	 -0.335457	  0.565544	 -4.895203	 -4.051315
  304	 -0.330399	 -9.404137	 -0.690170	  0.465996	 -4.910896	 -4.368004
  307	 -0.048111	 -9.899353	 -1.242058	  0.296829	 -4.753471	 -4.876076
  310	  0.085358	 -9.413498	 -0.969315	 -0.167656	 -5.018623	 -4.875908
  313	  0.380531	 -9.771912	 -0.969315	 -0.332825	 -4.747650	 -5.188232
  316	  0.738708	-10.214622	 -0.809532	 -0.332832	 -4.769020	 -5.805466
  319	  1.659065	 -8.686874	 -0.556702	 -0.331238	 -4.663422	 -5.443565
  322	  1.962288	 -8.370735	 -1.097031	 -0.097282	 -4.437103	 -5.045822
  325	  2.397034	 -8.371605	 -1.291061	 -0.253479	 -4.602264	 -4.408524
  328	  2.570862	 -8.432106	 -1.138885	 -0.408012	 -4.063240	 -4.951569
  331	  3.036819	 -8.765961	 -0.819824	 -0.407135	 -4.018074	 -5.015640
  334	  2.886292	 -9.337029	 -1.587418	 -0.029533	 -4.004036	 -4.916077
  337	  2.964417	-10.085114	 -1.913338	 -0.405823	 -3.524788	 -4.662041
  340	  2.319008	 -8.978745	 -2.436325	 -0.545441	 -3.565536	 -4.982643
  343	  2.769592	 -8.986618	 -2.744629	 -0.453568	 -3.930595	 -5.580093
  346	  3.250587	 -8.753876	 -2.389885	 -0.705696	 -5.042397	 -5.555130
  349	  3.250587	 -8.318108	 -2.390808	 -0.445953	 -4.105408	 -5.782051
  352	  3.789680	 -7.699104	 -2.380524	 -0.019913	 -3.891396	 -5.773949
  355	  3.905792	 -7.915627	 -3.357674	 -0.215576	 -3.362076	 -6.316994
  358	  3.656013	 -7.387985	 -3.723656	  0.162918	 -3.362083	 -5.603882
  361	  4.391296	 -8.108093	 -3.483742	  0.079849	 -3.511696	 -5.253693
  364	  4.651031	 -7.784401	 -3.775917	 -0.022888	 -3.430542	 -5.010422
  367	  4.140442	 -7.745995	 -4.385262	 -0.137756	 -3.552338	 -4.981987
  370	  4.711334	 -7.363937	 -4.471573	  0.142921	 -3.679680	 -4.585396
  373	  5.038170	 -7.262016	 -5.008926	  0.218658	 -3.912346	 -4.545563
  376	  4.978142	 -6.767250	 -4.907265	  0.112099	 -3.661461	 -4.562935
  379	  5.313614	 -6.563095	 -4.654381	  0.553795	 -4.149384	 -3.225586
  382	  5.876190	 -6.208305	 -4.203423	  0.311501	 -4.004089	 -3.375191
  385	  6.140556	 -6.173431	 -4.427391	  0.367302	 -3.751205	 -2.939484
  388	  6.404808	 -6.223251	 -4.246330	  0.896141	 -3.809242	 -2.003410
  391	  6.581825	 -7.281677	 -3.728310	  0.723343	 -3.788559	 -1.903069
  394	  6.048119	 -7.249023	 -3.667023	  0.498466	 -3.464569	 -2.047142
  397	  6.071991	 -6.628593	 -3.450500	  0.869522	 -3.868286	 -0.513596
  400	  6.144691	 -6.509239	 -3.778587	  0.346527	 -3.417702	 -0.389183
  403	  5.076523	 -6.509239	 -3.778587	  0.616585	 -3.561783	  0.130905
  406	  5.076530	 -7.164139	 -3.733429	  0.499260	 -3.879524	  0.169312
  409	  4.984024	 -7.005226	 -3.775116	 -0.929977	 -3.778290	 -0.602837
  412	  4.878441	 -7.107765	 -3.831757	 -0.929520	 -4.317337	 -0.657249
  415	  4.592270	 -7.150650	 -3.586365	 -1.260056	 -4.517021	 -0.753891
  418	  3.364250	 -6.925293	 -3.767227	 -0.876633	 -4.717262	 -0.260666
  421	  3.464584	 -6.741814	 -4.261986	 -0.731331	 -4.800690	  0.335876
  424	  3.042656	 -7.946747	 -4.796585	 -0.985703	 -4.843575	  0.602638
  427	  2.924431	 -7.727486	 -4.475082	 -0.829498	 -5.195587	  0.249405
  430	  3.049278	 -8.007431	 -4.550308	 -0.377975	 -5.055038	  0.302994
  433	  2.946945	 -8.109352	 -5.326172	 -0.212799	 -5.326004	  0.235077
  436	  1.325272	 -8.375275	 -5.326164	 -0.595352	 -4.586395	  0.143372
  439	  0.966347	 -8.185059	 -5.020264	 -0.300179	 -4.386070	  0.596443
  442	  0.965424	 -7.990616	 -5.997650	 -0.827408	 -4.421532	  0.762199
  445	  1.083580	 -7.765732	 -6.156822	 -0.938187	 -4.095955	  0.221497
  448	  1.347603	 -7.809204	 -5.663597	 -0.415192	 -4.634995	  0.167068
  451	  0.397919	 -7.016045	 -6.477859	 -0.368111	 -4.739586	  0.239769
  454	  0.632965	 -7.105629	 -5.634392	 -0.207695	 -4.442184	  0.419044
  457	 -0.085091	 -6.210541	 -5.968498	  0.062019	 -4.652840	  0.710609
  460	 -0.016479	 -6.428772	 -6.138771	  0.062027	 -4.631477	  0.835022
  463	  0.109444	 -6.288223	 -6.100784	  0.013908	 -4.631477	  0.835022
  466	 -0.585434	 -6.644768	 -6.190033	  1.051987	 -3.678162	  1.134850
  469	 -0.996788	 -6.644768	 -6.354866	  0.836166	 -3.697540	  1.536133
  472	 -0.900925	 -6.700569	 -5.871681	  0.529724	 -3.882088	  1.977234
  475	 -1.130554	 -5.906586	 -5.277702	  0.655884	 -4.273697	  2.423645
  478	 -0.896599	 -7.056870	 -5.032310	  0.695007	 -4.414162	  2.274033
  481	 -1.089447	 -5.973885	 -5.195503	  0.897675	 -4.453300	  1.801506
  484	 -1.233070	 -6.514099	 -4.816864	  0.967178	 -4.577911	  1.453979
  487	 -0.916931	 -6.184647	 -4.054199	  1.577530	 -4.445229	  1.020920
  490	 -0.810036	 -5.916084	 -3.832603	  1.344795	 -4.352745	  1.020920
  493	 -1.202911	 -5.068321	 -4.184570	  1.185631	 -3.736816	  1.143257
  496	 -1.003395	 -5.013710	 -4.343483	  1.197113	 -3.606857	  1.502403
  499	 -1.161636	 -5.478027	 -4.994102	  1.284241	 -2.983604	  1.535782
  502	 -1.075172	 -5.476280	 -5.340363	  1.421173	 -2.590263	  1.728210
  505	 -1.282898	 -5.253433	 -5.494881	  1.059471	 -3.004234	  1.140320
  508	 -1.382324	 -4.710396	 -5.434860	  1.097343	 -3.434135	  1.140327
  511	 -1.840767	 -3.074524	 -6.171242	  0.795097	 -3.203934	  0.587151
  514	 -1.783508	 -2.326973	 -6.352837	  1.173592	 -3.527924	  0.903847
  517	 -1.824257	 -3.140419	 -6.042114	  1.342751	 -3.472069	  0.951698
  520	 -2.467842	 -3.017700	 -5.841225	  1.434616	 -3.837135	  0.550423
  523	 -0.740471	 -3.659248	 -5.614037	  1.438820	 -4.110741	  0.400810
  526	 -1.010674	 -2.946960	 -6.777046	  1.567039	 -3.796349	  0.841927
  529	 -1.128891	 -2.433044	 -7.624664	  2.608925	 -3.975746	  1.163422
  532	 -0.883804	 -1.817474	 -8.102646	  2.431526	 -4.290092	  1.510948
  535	 -0.385376	 -1.494667	 -7.894905	  2.664253	 -4.395683	  1.357643
  538	  0.750938	 -1.515862	 -7.461166	  2.561516	 -4.320450	  1.046577
  541	  0.335236	 -1.165627	 -7.200813	  2.869202	 -4.666138	  0.449112
  544	  0.956856	  0.513557	 -7.829231	  2.892601	 -5.725433	  0.867516
  547	  0.897385	  1.012375	 -8.811790	  2.905563	 -5.546288	  1.665131
  550	  1.124657	  0.538605	 -8.506912	  2.619408	 -5.418701	  1.350739
  553	  1.163437	  0.640518	 -8.108681	  2.800842	 -5.828491	  1.296318
  556	  2.944946	  0.544357	 -7.945496	  2.847923	 -6.381386	  2.104828
  559	  2.635590	 -0.114845	 -8.386909	  2.653893	 -6.402107	  1.606186
  562	  2.693619	 -0.589966	 -7.104225	  2.946991	 -6.572289	  1.659943
  565	  2.395096	 -1.075020	 -6.953697	  2.946999	 -6.917236	  1.603165
  568	  1.957253	 -1.266739	 -7.812988	  2.774200	 -7.001450	  1.603165
  571	  2.703735	 -1.986206	 -7.395309	  2.774200	 -7.437225	  1.118080
  574	  2.758339	 -1.325554	 -7.630363	  2.920242	 -7.955177	  0.612312
  577	  3.071777	 -1.736908	 -7.194580	  2.764038	 -8.242920	  0.607384
  580	  3.397697	 -1.287689	 -6.743629	  3.166748	 -8.170036	  0.706940
  583	  2.966484	 -0.856873	 -6.116753	  3.347267	 -8.151581	  0.659004
  586	  3.285080	 -0.258034	 -5.622803	  3.347260	 -8.151573	  0.879272
  589	  3.156097	 -0.359695	 -6.370140	  3.480278	 -7.786514	  0.477997
  592	  3.006660	 -0.810898	 -6.805855	  3.484474	 -7.645714	  0.582474
  595	  3.586128	 -1.163475	 -6.229317	  3.407944	 -7.265472	  0.621597
  598	  3.439140	  0.312561	 -6.021591	  3.302643	 -6.960190	  0.871544
  601	  3.216278	  0.442520	 -6.143890	  3.258896	 -6.595131	  0.871544
  604	  3.527344	  0.659050	 -6.395180	  3.258896	 -6.595139	  0.871544
  607	  3.228569	  1.240875	 -6.932587	  2.956657	 -6.364937	  0.994751
  610	  3.270256	  0.953125	 -6.613518	  3.431686	 -6.065819	  0.548340
  613	  3.705971	  0.371300	 -6.182648	  3.585930	 -6.316681	  0.426003
  616	  4.119362	  0.082275	 -5.799461	  3.574440	 -6.446648	  0.480812
  619	  3.771843	  0.172165	 -5.631424	  3.679741	 -6.932175	  0.546989
  622	  3.509079	 -0.083954	 -5.187363	  3.679741	 -6.932167	  0.512794
  625	  3.628746	 -0.488579	 -5.875267	  3.775681	 -6.992676	  0.344757
